-2143464034
-2138722043
-2138618966
-2134787349
-2131343997
-2127915825
-2121501127
-2120920402
-2118783567
-2115982363
-2114935559
-2110762179
-2104573589
-2103999558
-2100334125
-2096307351
-2094314335
-2090675670
-2089350003
-2081808955
-2078803638
-2077501483
-2071125700
-2069745675
-2056915780
-2049060321
-2043061323
-2035265115
-2034138770
-2031720242
-2021685092
-2018709102
-2017208430
-2015230226
-2014816624
-2005870490
-2004367736
-1993926323
-1989198784
-1987120567
-1980434683
-1980368569
-1975340117
-1974898080
-1974758712
-1968332449
-1956534946
-1951790759
-1948785155
-1946981967
-1946788829
-1946212679
-1945646194
-1944652611
-1936353840
-1934622369
-1925855415
-1921309106
-1914902334
-1908903258
-1908662991
-1906520286
-1902086193
-1898526963
-1896010560
-1894854873
-1892096466
-1887075137
-1879982594
-1875578008
-1869331518
-1862587725
-1859879251
-1858309009
-1857995486
-1855447456
-1854320791
-1853380706
-1843513788
-1842012060
-1841010960
-1837256111
-1823652968
-1811997763
-1810664566
-1810602143
-1806673716
-1803931444
-1789740653
-1787310961
-1782086012
-1779640079
-1778341025
-1773115161
-1771552424
-1769693756
-1755801208
-1755387314
-1747888339
-1745490676
-1742075911
-1736446794
-1734924373
-1733888330
-1726171393
-1720751655
-1720478345
-1697747760
-1696930614
-1696043763
-1692133297
-1690308575
-1678299549
-1675426318
-1671472036
-1669210882
-1668450074
-1661077837
-1660473498
-1659791607
-1657783676
-1653930950
-1649055845
-1639205288
-1638606110
-1635913061
-1634164126
-1624247612
-1619639940
-1618471035
-1611350226
-1606288169
-1605706200
-1598471806
-1594631227
-1569758793
-1561130043
-1560600324
-1559113917
-1554492549
-1552836151
-1549136394
-1548963594
-1548077631
-1547307133
-1546619674
-1544967616
-1526724142
-1525392100
-1516727849
-1498701504
-1496573726
-1488081867
-1482385849
-1475182688
-1475024809
-1473376029
-1454963589
-1446116081
-1443941086
-1441088528
-1436466517
-1435812863
-1425859919
-1425030332
-1424466410
-1415084195
-1412405091
-1404787145
-1403962611
-1403105843
-1399435616
-1399121460
-1398989975
-1397000855
-1393542207
-1374186305
-1371388546
-1369680407
-1366520510
-1347369968
-1345491815
-1342492986
-1337505493
-1335888131
-1333934080
-1324056730
-1323745773
-1320972497
-1308154098
-1307455854
-1296830646
-1296830569
-1292645357
-1290680400
-1289995114
-1289290895
-1287084123
-1282478590
-1278954512
-1278819880
-1272909367
-1272284259
-1269553471
-1266123636
-1263608982
-1261535273
-1251763144
-1243700396
-1240871623
-1238206061
-1235783297
-1234251648
-1233445149
-1228147446
-1227312399
-1227220225
-1219148417
-1214430127
-1207627644
-1204140109
-1201480548
-1184169592
-1183911845
-1181988482
-1181640876
-1180982341
-1178920927
-1178007678
-1155936185
-1151778440
-1151323144
-1149062008
-1147215152
-1145672081
-1143029959
-1140750713
-1140677453
-1133193129
-1130383482
-1127576598
-1122064052
-1121609815
-1112158616
-1110435717
-1109710484
-1109650097
-1106716423
-1095999050
-1088330208
-1086770325
-1082569127
-1079612980
-1074963171
-1064378866
-1063493569
-1061504258
-1055189158
-1048162888
-1029201646
-1024192504
-1022001485
-1018672207
-1015379497
-1009320890
-994163188
-988768414
-987182201
-983600784
-981902856
-961172837
-961111086
-959465862
-955120434
-952004439
-950540688
-947984186
-945036512
-943830043
-943683764
-928420475
-922677009
-917589828
-906898287
-903964363
-903284728
-901814873
-899469690
-892780687
-892307022
-891448509
-876565093
-875170804
-874252312
-868430541
-864720746
-861143017
-859651605
-854640924
-854261850
-852712985
-848873205
-847467667
-846202233
-841198102
-837819652
-837800791
-835508595
-834480129
-828391758
-825022111
-820717757
-813347284
-807172788
-804678623
-800676374
-798682754
-796582725
-792197182
-788992073
-788680393
-788380664
-786261380
-782721020
-779686081
-779061974
-774934070
-774466005
-774446754
-770656620
-768283192
-767901555
-766605978
-764515962
-763023428
-758134008
-741846897
-729042083
-724693682
-717625409
-716615971
-694347892
-692563593
-689912528
-681096449
-669670095
-661287258
-658949501
-655355820
-650875223
-648531302
-647592994
-630627568
-626637377
-618498566
-618321491
-612528343
-596418031
-591952788
-586007291
-585323116
-578805792
-577776364
-571612183
-569200198
-568991277
-560900968
-551771245
-551385402
-533202179
-527208811
-522056372
-520182741
-516061116
-515865452
-513510682
-509463931
-508300019
-504417793
-498553865
-494654226
-485787485
-485069919
-483764982
-478440777
-475666596
-474296645
-473126252
-473032553
-471463661
-470232978
-467599338
-466563930
-465390702
-464656330
-461838497
-461396313
-458332322
-457061579
-456727356
-445561330
-440619630
-437509569
-432792585
-430347774
-425300068
-425248574
-421823972
-419879817
-419632690
-419424268
-417019254
-398084372
-393222754
-390711730
-387524163
-369946613
-361852945
-350516326
-349598796
-346849475
-345347412
-312686481
-311033099
-307318050
-304693401
-303662572
-303595709
-301688354
-301364762
-299405957
-296506072
-293260302
-284011955
-278276706
-271734762
-270439232
-266023703
-261339623
-260625004
-255295348
-253363217
-252174712
-233286336
-231494727
-222515124
-219561945
-218789756
-205819893
-193547100
-192326370
-191205996
-182770235
-170878416
-168252583
-162565484
-161387587
-160562288
-160398869
-158885708
-156952276
-155966735
-154072802
-143010917
-139879241
-127798199
-124661956
-111341614
-109873170
-96150010
-93803239
-79882971
-79445401
-75565719
-65543496
-62299596
-56444975
-55807986
-55518343
-55241792
-54219783
-47753630
-38044553
-35773878
-29928672
-19660487
-18389927
-16714049
-13061870
-9714662
-7909571
6679022
10168714
11359012
14248455
21256546
22000323
25244765
28801875
29211921
48008810
48945206
49428394
49486371
49770101
56737234
57083459
68573528
73889398
80726836
80819933
84634330
91566531
92609560
96465935
110799154
117331710
118480101
131729502
135803536
143890182
148326447
148908537
148948506
151807475
152222046
153942444
154697324
164137464
167681912
178672686
181937511
183253372
183270044
198516060
202386054
203979188
204178245
205004310
213581585
213771428
215922965
221636436
221991250
225385023
227609010
231142418
234088416
235781387
238070862
238568526
244789279
246415212
251932236
252381752
262327067
262533213
273220726
278920912
279405666
281449068
284257364
285571453
289511824
292043989
294250323
300166229
302568272
303090134
307940474
315804107
320162654
324928322
332705507
346666450
353901181
361125692
361877788
369960525
371680888
380170540
382145654
384737797
384864437
388281400
389197081
397452581
400471421
406814243
412222585
416882391
416968748
418893134
419314564
426876909
430298161
433485760
440952308
450569445
451898439
456542024
461529407
463938518
464854071
481528225
485926597
490763406
498100385
498466915
498642786
500484289
507678231
508261157
516000354
516151873
516364702
523698912
525399508
526999279
536058430
536216819
549773475
550339717
560179954
571524728
573144340
582148198
582410253
583257800
592861480
595315360
599285096
602368811
603152615
604214143
604316648
608862969
610763737
613773476
614085049
619292783
619377279
625940331
627103031
636189996
637971512
638784389
641118905
642373559
652756082
654194321
663763751
664728270
669008664
671666018
671888369
674483270
678745952
682912921
684832444
685921046
686724835
699192949
705991040
711511071
724271784
725283828
732600124
733484426
747157415
748047092
748897724
750363033
751545252
758069840
761030341
762653194
765613079
774538248
775816630
787931136
789107242
795329119
798668215
799661392
800264269
806757840
807075019
811766847
817472580
818670686
824050632
830030463
831497010
851666797
855345759
857668601
860028305
866201953
866259276
872114758
872854172
877204436
880095713
882988512
888957777
892386139
896990087
898290457
899796394
902089910
902593126
905381449
908306956
913321346
914082447
914467643
922733702
923638813
925312898
926749385
927535543
933077548
957291811
957699750
960993260
962658641
966137622
994043996
999608656
1004737834
1008902368
1011630016
1015088978
1017469208
1018927099
1022703811
1026382583
1030486330
1033953548
1058870290
1059732219
1061586715
1086921228
1088248185
1091297813
1093482404
1096070326
1103972671
1114832643
1127402720
1131889578
1132168565
1135378516
1150180058
1160483026
1163335482
1171822866
1175494472
1175803083
1177447035
1178955089
1180785468
1190749634
1215907354
1218515174
1219600346
1222839496
1223563607
1224454113
1226384950
1233977982
1236424780
1236868497
1237510259
1237780775
1238430845
1238957033
1241842957
1243119189
1247798154
1248316984
1250000734
1252297789
1253203332
1260415472
1261893937
1266290310
1270970779
1272523055
1282547141
1288692721
1288855725
1300683863
1303478361
1316487000
1316548724
1319714148
1334644756
1335424631
1335564628
1341623451
1343849314
1350254093
1359766303
1361114202
1361757091
1366936117
1372748520
1383940574
1398577428
1399977025
1419852136
1423535396
1424441554
1431110492
1436646889
1440014479
1442211477
1442974262
1443963868
1450079948
1453697101
1456753916
1456936526
1457532826
1460152977
1461231838
1464147117
1471593209
1477213288
1486847374
1489180260
1499819364
1500604414
1500942827
1503792531
1505891871
1507958498
1513543095
1515486472
1521640356
1523454134
1528416145
1535978620
1541707186
1542728138
1547702025
1551915764
1554299970
1560909557
1562655617
1570597078
1575827484
1578984151
1579305768
1579518012
1580304758
1589584082
1591971262
1592414191
1597625447
1597870816
1600808464
1605821626
1615546799
1616927251
1617591215
1624733092
1626554647
1628855079
1629353967
1631673966
1633856104
1637264762
1639391547
1646180244
1647278008
1650254559
1653450969
1654675897
1662011283
1667737439
1672613423
1678001502
1678096548
1683046360
1690520132
1695027107
1699717438
1699747728
1700313727
1702967202
1711185274
1716535308
1722563338
1736400805
1738472223
1739658688
1741341925
1745878740
1748030656
1751099743
1752801462
1759287458
1760642424
1761017482
1761108959
1762767437
1766431792
1773993153
1775480808
1778260659
1780438275
1783427030
1789438584
1789524846
1797054509
1803230601
1807760755
1813594336
1816307575
1833218034
1834759268
1837923319
1840920914
1847888659
1858002556
1858179240
1859009517
1869802851
1870358735
1880328735
1881891267
1882213253
1883905597
1885115343
1886589516
1891479658
1892449762
1894876823
1902790513
1903061643
1906784303
1910759751
1913875317
1916886567
1927364762
1933063949
1937092475
1940483220
1942280944
1943095039
1948010205
1951078101
1953426215
1959277879
1960774939
1965200706
1974414438
1999615418
2005756770
2006477662
2008757165
2010264364
2011574357
2014842970
2018092899
2026816381
2038622250
2038805645
2042855667
2046384470
2046846328
2048954441
2049028598
2049415289
2053718524
2054195618
2066971075
2066989145
2070369742
2075059526
2084171230
2087383836
2089279911
2102111975
2109160276
2110325497
2110641892
2116407547
2119899963
2122262170
2125732078
2128897689
2132071939
2133840923
2134624048
2136834846
2137494958
