-458332322
2116407547
384864437
-231494727
1699717438
2102111975
-266023703
1579305768
1833218034
1562655617
2011574357
-1110435717
-901814873
857668601
-1435812863
866259276
1372748520
451898439
-943683764
-1086770325
244789279
-1671472036
-1308154098
-1143029959
1431110492
-1345491815
-837819652
-457061579
1243119189
1253203332
799661392
-1606288169
1288855725
-1946212679
-952004439
183270044
1789438584
-154072802
148326447
2005756770
-681096449
2014842970
-618498566
1560909557
433485760
-1130383482
-349598796
1238957033
-788992073
397452581
183253372
-650875223
332705507
-1837256111
1933063949
-1936353840
2132071939
-788680393
1738472223
642373559
595315360
485926597
1241842957
-724693682
302568272
-485069919
-139879241
1672613423
388281400
994043996
-837800791
1260415472
-111341614
603152615
-786261380
-65543496
-361852945
204178245
-1619639940
573144340
-1227220225
913321346
-1810664566
-848873205
289511824
-1233445149
817472580
-312686481
1334644756
131729502
-1634164126
699192949
1218515174
-222515124
1343849314
-1149062008
914082447
198516060
181937511
1303478361
-1843513788
807075019
2006477662
1163335482
-1862587725
-56444975
-988768414
-345347412
117331710
818670686
-1810602143
1442974262
14248455
-586007291
-834480129
1335424631
6679022
637971512
-569200198
-798682754
-1261535273
-1733888330
238568526
2066989145
-1441088528
-1498701504
1361114202
1500942827
1541707186
-440619630
-303595709
1114832643
1974414438
1460152977
1223563607
-1121609815
-1127576598
-55241792
1366936117
614085049
203979188
-1151323144
-847467667
-1736446794
507678231
1316487000
1869802851
416882391
1282547141
2049415289
571524728
-1324056730
1646180244
-1546619674
1891479658
-35773878
-1657783676
1175803083
1018927099
-1496573726
-1333934080
-160398869
-1147215152
-1292645357
1489180260
-1015379497
-425300068
1521640356
-717625409
-475666596
1238430845
583257800
1653450969
-7909571
1736400805
2053718524
-38044553
-804678623
1883905597
-1323745773
80819933
2070369742
-928420475
490763406
1503792531
-1296830569
225385023
-1908662991
246415212
1616927251
-284011955
1160483026
1022703811
96465935
682912921
1807760755
-903284728
761030341
80726836
1662011283
-959465862
-1993926323
-1393542207
-270439232
-903964363
294250323
-303662572
-1289290895
-1145672081
1547702025
215922965
231142418
-1061504258
855345759
-841198102
1667737439
923638813
1902790513
1335564628
440952308
-2034138770
1399977025
-168252583
-79882971
324928322
-2035265115
957291811
235781387
1017469208
-1598471806
-296506072
1761108959
1834759268
-1653930950
10168714
-417019254
-160562288
21256546
-1374186305
1858002556
1910759751
1647278008
1316548724
-2056915780
-1278954512
-655355820
-2120920402
-437509569
-1151778440
361877788
110799154
-1371388546
2109160276
353901181
-1894854873
1965200706
-551385402
1300683863
-1106716423
500484289
1678001502
1248316984
1700313727
-494654226
1881891267
1450079948
-1778341025
-1403962611
-1140677453
-770656620
-2118783567
550339717
-1482385849
303090134
-1638606110
-1742075911
1937092475
525399508
1150180058
-1823652968
426876909
-233286336
-825022111
-158885708
-2115982363
-109873170
1591971262
-906898287
1442211477
315804107
498100385
619377279
-2094314335
-508300019
1554299970
602368811
523698912
-1975340117
926749385
-669670095
1319714148
-1347369968
-1841010960
1551915764
-478440777
-1228147446
-513510682
227609010
-304693401
1515486472
1580304758
56737234
-2081808955
-1207627644
599285096
-1234251648
-1369680407
-161387587
1628855079
1177447035
164137464
1131889578
-485787485
1797054509
724271784
789107242
167681912
1059732219
-782721020
-1235783297
-1109650097
-647592994
281449068
-533202179
-1782086012
831497010
-578805792
-1669210882
-1659791607
-419632690
285571453
92609560
1803230601
-1181640876
2075059526
-465390702
-1697747760
-1272909367
-219561945
-471463661
-1854320791
-79445401
464854071
-1649055845
-1755801208
-1018672207
-346849475
798668215
-779061974
1222839496
1132168565
1942280944
307940474
-1948785155
1940483220
-218789756
73889398
-1908903258
-758134008
68573528
-1526724142
-1488081867
-1547307133
636189996
-421823972
202386054
1605821626
-630627568
-945036512
-1720478345
-1397000855
966137622
-835508595
-1811997763
1341623451
456542024
1683046360
-311033099
1916886567
1443963868
-1974898080
-2114935559
2026816381
-661287258
346666450
49770101
1759287458
-1403105843
-955120434
641118905
2046846328
-1548077631
-774934070
1870358735
-820717757
154697324
1226384950
806757840
-1112158616
747157415
1224454113
1237510259
273220726
-922677009
1927364762
-301364762
48008810
-1475024809
-9714662
234088416
-1611350226
1748030656
-1690308575
-432792585
-1678299549
1175494472
-307318050
178672686
-461838497
787931136
-551771245
1589584082
412222585
880095713
1088248185
1882213253
-658949501
-504417793
1127402720
-350516326
-473032553
-1879982594
2122262170
751545252
-467599338
-182770235
750363033
-127798199
2125732078
652756082
1578984151
-1183911845
148948506
2038805645
1913875317
-1605706200
1631673966
604214143
1237780775
-596418031
-260625004
-516061116
-2031720242
-1082569127
962658641
-1934622369
-1660473498
811766847
-1898526963
-1064378866
-1857995486
1762767437
860028305
-16714049
1745878740
-293260302
213581585
-425248574
-2018709102
1456936526
851666797
1103972671
-1289995114
369960525
1778260659
-2096307351
-766605978
-498553865
1775480808
151807475
-62299596
-1980434683
-788380664
-1869331518
1266290310
1752801462
-2078803638
-943830043
-261339623
686724835
-461396313
1773993153
-430347774
-1214430127
-1272284259
-2014816624
765613079
872114758
1766431792
1033953548
-1266123636
1250000734
1261893937
-2005870490
882988512
-1853380706
-1914902334
400471421
2110325497
-1552836151
669008664
-807172788
-1945646194
-1675426318
-1178007678
1361757091
-1624247612
221991250
899796394
-93803239
2133840923
892386139
1061586715
-1989198784
1903061643
1716535308
1780438275
1215907354
-800676374
-987182201
-2121501127
-1079612980
135803536
1597870816
705991040
1528416145
732600124
-1404787145
582410253
-1227312399
-1240871623
-1024192504
-1009320890
430298161
684832444
1739658688
-1806673716
-1696043763
1699747728
-191205996
-1180982341
-193547100
725283828
1486847374
-170878416
-1022001485
2066971075
-874252312
-369946613
384737797
-2077501483
-1412405091
-2069745675
-2090675670
-1287084123
1579518012
1093482404
582148198
-868430541
1500604414
25244765
960993260
380170540
262327067
-2103999558
-1122064052
-1980368569
-1771552424
1464147117
592861480
-155966735
2110641892
-456727356
-1892096466
-520182741
1499819364
2137494958
516151873
-1661077837
1886589516
-1335888131
1471593209
866201953
-950540688
416968748
418893134
877204436
84634330
-854640924
1440014479
1453697101
1948010205
1711185274
-560900968
1219600346
-1263608982
748897724
-1559113917
902089910
1702967202
1859009517
-192326370
526999279
-1436466517
1350254093
152222046
-1925855415
-1342492986
-729042083
1398577428
279405666
481528225
-1178920927
-2143464034
-1424466410
1436646889
2089279911
795329119
11359012
49486371
-252174712
-892307022
29211921
-917589828
-1747888339
1960774939
251932236
-1956534946
-162565484
-1887075137
-1307455854
419314564
-1243700396
1091297813
-1789740653
758069840
1461231838
-301688354
463938518
1270970779
-2138722043
1840920914
-1720751655
238070862
-626637377
-961172837
-299405957
-253363217
2010264364
922733702
-393222754
-1181988482
-1278819880
-692563593
774538248
925312898
-2071125700
516364702
733484426
-774446754
1761017482
1477213288
498466915
604316648
-2138618966
1959277879
1741341925
2119899963
830030463
221636436
-18389927
-1399121460
-470232978
1423535396
-2049060321
-796582725
1505891871
2128897689
898290457
-2104573589
-1618471035
-2134787349
-1296830646
1135378516
1575827484
-1184169592
1654675897
1626554647
-892780687
905381449
-1635913061
-961111086
-852712985
118480101
-1290680400
-2043061323
927535543
49428394
-398084372
1951078101
-1251763144
-75565719
-1055189158
-779686081
678745952
-1425859919
1252297789
999608656
1247798154
-1544967616
371680888
-1425030332
1760642424
1523454134
1906784303
1086921228
-1201480548
-694347892
-1859879251
2018092899
-1238206061
-891448509
-1140750713
-1443941086
-1779640079
1813594336
-1282478590
-568991277
57083459
1894876823
-1946981967
-509463931
888957777
-1561130043
498642786
2084171230
1695027107
-1946788829
914467643
382145654
674483270
252381752
1359766303
516000354
-1902086193
-1446116081
300166229
-445561330
-1399435616
1004737834
625940331
-1692133297
-1398989975
1096070326
-1639205288
-1569758793
1288692721
-1726171393
1008902368
-1337505493
205004310
508261157
1180785468
-1204140109
-13061870
1600808464
608862969
1236868497
1943095039
-1475182688
-1088330208
-515865452
872854172
-612528343
-864720746
2008757165
1178955089
2136834846
-1594631227
-792197182
-983600784
-205819893
1535978620
1190749634
-1944652611
-1974758712
1847888659
148908537
2134624048
-859651605
-2100334125
1678096548
-981902856
1233977982
-585323116
824050632
22000323
671888369
-466563930
536058430
-124661956
1015088978
-419424268
1058870290
292043989
1999615418
902593126
-55807986
-947984186
762653194
-846202233
654194321
284257364
-1516727849
1633856104
1624733092
2046384470
2054195618
91566531
-1755387314
748047092
1236424780
-47753630
1953426215
-828391758
-768283192
-1269553471
2038622250
153942444
1171822866
560179954
1885115343
406814243
1751099743
1011630016
-1951790759
627103031
-527208811
-861143017
-591952788
-1548963594
1456753916
549773475
1892449762
-473126252
48945206
-1095999050
1383940574
-1560600324
-1109710484
1789524846
-29928672
896990087
-1696930614
-271734762
1457532826
-483764982
933077548
-1803931444
1690520132
685921046
389197081
-1842012060
-813347284
1637264762
1592414191
-255295348
278920912
908306956
-1855447456
-689912528
1615546799
1858179240
2087383836
1880328735
-1074963171
-55518343
-2127915825
-2015230226
-1133193129
1816307575
-390711730
-1525392100
1570597078
1272523055
-994163188
-419879817
-1773115161
1542728138
1424441554
-387524163
-1554492549
-1155936185
1617591215
638784389
1639391547
1722563338
-156952276
-1968332449
1650254559
-876565093
-1769693756
1030486330
-1896010560
957699750
-2017208430
143890182
-1734924373
-1987120567
-522056372
-648531302
1026382583
-1787310961
619292783
1783427030
610763737
-464656330
-474296645
-1745490676
-1549136394
-1048162888
1507958498
-143010917
-19660487
-2004367736
-1454963589
-716615971
-1668450074
-2021685092
361125692
-1366520510
1629353967
-774466005
1419852136
-763023428
-899469690
1513543095
-764515962
320162654
536216819
-1921309106
28801875
461529407
-854261850
-875170804
-54219783
613773476
-741846897
-1473376029
-1219148417
-1415084195
-618321491
-278276706
-2131343997
-1858309009
450569445
-1906520286
663763751
2042855667
-577776364
1837923319
2048954441
-2110762179
1597625447
-96150010
2049028598
-1063493569
-571612183
213771428
711511071
-1320972497
262533213
664728270
-2089350003
-1875578008
800264269
775816630
-1029201646
-767901555
671666018
